p1 = [1, 2]';
p2 = [1, 3]';
p3 = [2, 4]';

